
Kp10 =

  601.9715


Ki10 =

  953.0114


Kd10 =

  477.3293


Kp20 =

  393.5944


Ki20 =

  617.8106


Kd20 =

    2.2123


J0 =

   1.2661e+07


Kp1 =

    6.6300


Ki1 =

   12.3700


Kd1 =

    0.3200


Kp2 =

  758.4200


Ki2 =

  660.7000


Kd2 =

  523.7800


J =

   1.7506e+05